UKPRN,UnitOfAssessment,MultipleSubmission,Profile,FourStar,ThreeStar,TwoStar,OneStar,Unclassified
10000291,5,,Environment,0,0,0,87.5,12.5
10000291,5,,Impact,0,10,70,20,0
10000291,5,,Outputs,0,34.8,39.1,4.4,21.7
10000291,5,,Overall,0,25,39,20,16
10007850,5,,Environment,0,75,25,0,0
10007850,5,,Impact,13.3,86.7,0,0,0
10007850,5,,Outputs,31.3,51.8,15.7,0,1.2
10007850,5,,Overall,23,62,14,0,1
10007760,5,,Environment,87.5,12.5,0,0,0
10007760,5,,Impact,44,38,14,0,4
10007760,5,,Outputs,36.8,40.9,19.8,1.5,1
10007760,5,,Overall,46,36,16,1,1
10006840,5,,Environment,50,50,0,0,0
10006840,5,,Impact,10,66,24,0,0
10006840,5,,Outputs,35,59.3,2.8,0.8,2.1
10006840,5,,Overall,32,59,7,1,1
10007786,5,,Environment,75,25,0,0,0
10007786,5,,Impact,22.9,67.1,10,0,0
10007786,5,,Outputs,26.1,52.6,20.5,0,0.8
10007786,5,,Overall,33,51,15,0,1
10007788,5,,Environment,100,0,0,0,0
10007788,5,,Impact,70,24,6,0,0
10007788,5,,Outputs,36.1,46,16.5,0.6,0.8
10007788,5,,Overall,52,35,12,0,1
10003324,5,,Environment,75,25,0,0,0
10003324,5,,Impact,80,20,0,0,0
10003324,5,,Outputs,47.6,48.5,3.9,0,0
10003324,5,,Overall,58,39,3,0,0
10007851,5,,Environment,0,0,37.5,62.5,0
10007851,5,,Impact,0,0,60,0,40
10007851,5,,Outputs,0,13.3,51.1,31.2,4.4
10007851,5,,Overall,0,9,50,30,11
10007143,5,,Environment,12.5,87.5,0,0,0
10007143,5,,Impact,68,24,8,0,0
10007143,5,,Outputs,15,47.7,32.7,1.3,3.3
10007143,5,,Overall,25,49,23,1,2
10007789,5,,Environment,12.5,87.5,0,0,0
10007789,5,,Impact,40,60,0,0,0
10007789,5,,Outputs,27.6,52.2,19.6,0.6,0
10007789,5,,Overall,28,59,13,0,0
10007791,5,,Environment,0,75,25,0,0
10007791,5,,Impact,0,60,40,0,0
10007791,5,,Outputs,3.9,62.3,31.2,2.6,0
10007791,5,,Overall,3,63,32,2,0
10007792,5,,Environment,12.5,87.5,0,0,0
10007792,5,,Impact,50,50,0,0,0
10007792,5,,Outputs,26.7,55.1,16.6,0,1.6
10007792,5,,Overall,29,59,11,0,1
10007148,5,,Environment,0,37.5,62.5,0,0
10007148,5,,Impact,0,0,60,0,40
10007148,5,,Outputs,14.6,20.8,50,8.4,6.2
10007148,5,,Overall,9,20,54,5,12
10003270,5,,Environment,100,0,0,0,0
10003270,5,,Impact,53.6,39.1,7.3,0,0
10003270,5,,Outputs,38.9,50,9.5,1.1,0.5
10003270,5,,Overall,51,40,8,1,0
10007767,5,,Environment,0,12.5,75,12.5,0
10007767,5,,Impact,40,20,40,0,0
10007767,5,,Outputs,4.2,39.6,52,4.2,0
10007767,5,,Overall,11,31,53,5,0
10007150,5,,Environment,0,100,0,0,0
10007150,5,,Impact,26.7,60,13.3,0,0
10007150,5,,Outputs,21.3,64.1,14.6,0,0
10007150,5,,Overall,19,69,12,0,0
10003645,5,,Environment,50,50,0,0,0
10003645,5,,Impact,15,70,15,0,0
10003645,5,,Outputs,29.9,46.7,18.7,1.1,3.6
10003645,5,,Overall,30,52,15,1,2
10007795,5,,Environment,62.5,37.5,0,0,0
10007795,5,,Impact,71.4,28.6,0,0,0
10007795,5,,Outputs,21.9,52.5,23.3,0,2.3
10007795,5,,Overall,38,45,16,0,1
10007796,5,,Environment,25,75,0,0,0
10007796,5,,Impact,48,32,20,0,0
10007796,5,,Outputs,26.1,61.2,11.3,0,1.4
10007796,5,,Overall,30,58,11,0,1
10006842,5,,Environment,25,75,0,0,0
10006842,5,,Impact,0,63.3,36.7,0,0
10006842,5,,Outputs,19,63.8,17.2,0,0
10006842,5,,Overall,16,65,19,0,0
10007784,5,,Environment,87.5,12.5,0,0,0
10007784,5,,Impact,44,38,14,0,4
10007784,5,,Outputs,36.8,40.9,19.8,1.5,1
10007784,5,,Overall,46,36,16,1,1
10007798,5,,Environment,87.5,12.5,0,0,0
10007798,5,,Impact,36.7,42,21.3,0,0
10007798,5,,Outputs,25.6,46.8,24.5,1.7,1.4
10007798,5,,Overall,37,41,20,1,1
10007799,5,,Environment,62.5,37.5,0,0,0
10007799,5,,Impact,50,50,0,0,0
10007799,5,,Outputs,46.6,41.5,11.1,0,0.8
10007799,5,,Overall,50,42,7,0,1
10007154,5,,Environment,37.5,62.5,0,0,0
10007154,5,,Impact,44,48,8,0,0
10007154,5,,Outputs,13.8,47.8,30.6,2.9,4.9
10007154,5,,Overall,23,50,22,2,3
10007774,5,,Environment,75,25,0,0,0
10007774,5,,Impact,61.7,36.6,1.7,0,0
10007774,5,,Outputs,35.6,54.4,10,0,0
10007774,5,,Overall,47,46,7,0,0
10004930,5,,Environment,0,37.5,62.5,0,0
10004930,5,,Impact,30,50,0,20,0
10004930,5,,Outputs,11.4,45.6,41.7,1.3,0
10004930,5,,Overall,13,46,36,5,0
10007775,5,,Environment,12.5,75,12.5,0,0
10007775,5,,Impact,40,40,10,10,0
10007775,5,,Outputs,32.1,50,15.3,0,2.6
10007775,5,,Overall,31,51,14,2,2
10007802,5,,Environment,0,100,0,0,0
10007802,5,,Impact,26.7,46.6,26.7,0,0
10007802,5,,Outputs,17.7,63.3,17.7,1.3,0
10007802,5,,Overall,17,65,17,1,0
10005553,5,,Environment,0,75,25,0,0
10005553,5,,Impact,13.3,60,26.7,0,0
10005553,5,,Outputs,18.5,58,21,2.5,0
10005553,5,,Overall,15,61,22,2,0
10007156,5,,Environment,0,37.5,50,12.5,0
10007156,5,,Impact,0,53.3,46.7,0,0
10007156,5,,Outputs,7.1,37.8,51,1,3.1
10007156,5,,Overall,5,40,50,3,2
10007157,5,,Environment,87.5,12.5,0,0,0
10007157,5,,Impact,52,48,0,0,0
10007157,5,,Outputs,37.7,50.3,11.4,0.6,0
10007157,5,,Overall,48,44,8,0,0
10005790,5,,Environment,0,12.5,62.5,25,0
10005790,5,,Impact,0,46.7,53.3,0,0
10005790,5,,Outputs,7.8,45.1,43.2,3.9,0
10005790,5,,Overall,5,41,48,6,0
10007158,5,,Environment,0,87.5,12.5,0,0
10007158,5,,Impact,40,60,0,0,0
10007158,5,,Outputs,16.1,59.8,23.2,0.9,0
10007158,5,,Overall,18,64,17,1,0
10007806,5,,Environment,62.5,37.5,0,0,0
10007806,5,,Impact,43.3,43.4,13.3,0,0
10007806,5,,Outputs,45.7,39.1,9.2,1.7,4.3
10007806,5,,Overall,48,39,9,1,3
10007163,5,,Environment,0,100,0,0,0
10007163,5,,Impact,16,68,16,0,0
10007163,5,,Outputs,28.5,50.9,18.2,0,2.4
10007163,5,,Overall,22,61,15,0,2
10007139,5,,Environment,0,0,50,50,0
10007139,5,,Impact,0,80,20,0,0
10007139,5,,Outputs,8.8,26.5,50,8.8,5.9
10007139,5,,Overall,6,33,44,13,4
10007167,5,,Environment,50,50,0,0,0
10007167,5,,Impact,92,8,0,0,0
10007167,5,,Outputs,32.2,51.7,15.5,0,0.6
10007167,5,,Overall,47,43,10,0,0
10007783,5,,Environment,62.5,37.5,0,0,0
10007783,5,,Impact,40,60,0,0,0
10007783,5,,Outputs,19,54.2,25.6,0.3,0.9
10007783,5,,Overall,30,53,16,0,1
10007849,5,,Environment,0,0,62.5,37.5,0
10007849,5,,Impact,0,10,10,40,40
10007849,5,,Outputs,3.7,16.7,50,16.6,13
10007849,5,,Overall,2,13,44,25,16
10007852,5,,Environment,100,0,0,0,0
10007852,5,,Impact,75,25,0,0,0
10007852,5,,Outputs,42.8,46.7,8.9,1.2,0.4
10007852,5,,Overall,58,35,6,1,0
10007790,5,,Environment,100,0,0,0,0
10007790,5,,Impact,80,20,0,0,0
10007790,5,,Outputs,38.7,46.9,11.8,0.5,2.1
10007790,5,,Overall,56,35,7,1,1
10007794,5,,Environment,0,87.5,12.5,0,0
10007794,5,,Impact,38.6,55.7,5.7,0,0
10007794,5,,Outputs,21.8,50.5,26.2,1,0.5
10007794,5,,Overall,22,57,20,1,0
10007803,5,,Environment,0,100,0,0,0
10007803,5,,Impact,90,10,0,0,0
10007803,5,,Outputs,22.9,52.4,23.5,0.6,0.6
10007803,5,,Overall,33,51,15,1,0
10007814,5,,Environment,62.5,37.5,0,0,0
10007814,5,,Impact,60,40,0,0,0
10007814,5,,Outputs,31.1,45,20.3,2.2,1.4
10007814,5,,Overall,42,42,14,1,1
